526644idgenderdepartyearprof00010151010                                                                                                                                                                                                                                                                     
002030019280019261                                                                                                                                                                                                                                                    00002F1421163BEEKIM00001M14241630CSLEE
002258019280022258                                                                                                                                                                                                                                                 00004F14411840MATHCHOI00003M14231630EELEE
000299                                                                                                                                                                                                                                                                                                      
000299                                                                                                                                                                                                                                                                                                      
000299                                                                                                                                                                                                                                                                                                      
000299                                                                                                                                                                                                                                                                                                      
000299                                                                                                                                                                                                                                                                                                      
000299                                                                                                                                                                                                                                                                                                      
000299                                                                                                                                                                                                                                                                                                      
000299                                                                                                                                                                                                                                                                                                      
000299                                                                                                                                                                                                                                                                                                      
000299                                                                                                                                                                                                                                                                                                      
000299                                                                                                                                                                                                                                                                                                      
000299                                                                                                                                                                                                                                                                                                      
000299                                                                                                                                                                                                                                                                                                      
000299                                                                                                                                                                                                                                                                                                      
000299                                                                                                                                                                                                                                                                                                      
000299                                                                                                                                                                                                                                                                                                      
000299                                                                                                                                                                                                                                                                                                      
000299                                                                                                                                                                                                                                                                                                      
000299                                                                                                                                                                                                                                                                                                      
000299                                                                                                                                                                                                                                                                                                      
000299                                                                                                                                                                                                                                                                                                      
000299                                                                                                                                                                                                                                                                                                      
000299                                                                                                                                                                                                                                                                                                      
000299                                                                                                                                                                                                                                                                                                      
000299                                                                                                                                                                                                                                                                                                      
000299                                                                                                                                                                                                                                                                                                      
000299                                                                                                                                                                                                                                                                                                      
000299                                                                                                                                                                                                                                                                                                      
000299                                                                                                                                                                                                                                                                                                      
000299                                                                                                                                                                                                                                                                                                      
000299                                                                                                                                                                                                                                                                                                      
000299                                                                                                                                                                                                                                                                                                      
000299                                                                                                                                                                                                                                                                                                      
000299                                                                                                                                                                                                                                                                                                      
000299                                                                                                                                                                                                                                                                                                      
000299                                                                                                                                                                                                                                                                                                      
000299                                                                                                                                                                                                                                                                                                      
000299                                                                                                                                                                                                                                                                                                      
000299                                                                                                                                                                                                                                                                                                      
000299                                                                                                                                                                                                                                                                                                      
000299                                                                                                                                                                                                                                                                                                      
000299                                                                                                                                                                                                                                                                                                      
000299                                                                                                                                                                                                                                                                                                      
000299                                                                                                                                                                                                                                                                                                      
000299                                                                                                                                                                                                                                                                                                      
000299                                                                                                                                                                                                                                                                                                      
000299                                                                                                                                                                                                                                                                                                      
000299                                                                                                                                                                                                                                                                                                      
000299                                                                                                                                                                                                                                                                                                      
000299                                                                                                                                                                                                                                                                                                      
000299                                                                                                                                                                                                                                                                                                      
000299                                                                                                                                                                                                                                                                                                      
000299                                                                                                                                                                                                                                                                                                      
000299                                                                                                                                                                                                                                                                                                      
000299                                                                                                                                                                                                                                                                                                      
000299                                                                                                                                                                                                                                                                                                      
000299                                                                                                                                                                                                                                                                                                      
000299                                                                                                                                                                                                                                                                                                      
000299                                                                                                                                                                                                                                                                                                      
000299                                                                                                                                                                                                                                                                                                      
000299                                                                                                                                                                                                                                                                                                      
000299                                                                                                                                                                                                                                                                                                      
000299                                                                                                                                                                                                                                                                                                      
000299                                                                                                                                                                                                                                                                                                      
000299                                                                                                                                                                                                                                                                                                      
000299                                                                                                                                                                                                                                                                                                      
000299                                                                                                                                                                                                                                                                                                      
000299                                                                                                                                                                                                                                                                                                      
000299                                                                                                                                                                                                                                                                                                      
000299                                                                                                                                                                                                                                                                                                      
000299                                                                                                                                                                                                                                                                                                      
000299                                                                                                                                                                                                                                                                                                      
000299                                                                                                                                                                                                                                                                                                      
000299                                                                                                                                                                                                                                                                                                      
000299                                                                                                                                                                                                                                                                                                      
000299                                                                                                                                                                                                                                                                                                      
000299                                                                                                                                                                                                                                                                                                      
000299                                                                                                                                                                                                                                                                                                      
000299                                                                                                                                                                                                                                                                                                      
000299                                                                                                                                                                                                                                                                                                      
000299                                                                                                                                                                                                                                                                                                      
000299                                                                                                                                                                                                                                                                                                      
000299                                                                                                                                                                                                                                                                                                      
000299                                                                                                                                                                                                                                                                                                      
000299                                                                                                                                                                                                                                                                                                      
000299                                                                                                                                                                                                                                                                                                      
000299                                                                                                                                                                                                                                                                                                      
000299                                                                                                                                                                                                                                                                                                      
000299                                                                                                                                                                                                                                                                                                      
000299                                                                                                                                                                                                                                                                                                      
000299                                                                                                                                                                                                                                                                                                      
000299                                                                                                                                                                                                                                                                                                      
000299                                                                                                                                                                                                                                                                                                      
000299                                                                                                                                                                                                                                                                                                      
000299                                                                                                                                                                                                                                                                                                      
000299                                                                                                                                                                                                                                                                                                      
000299                                                                                                                                                                                                                                                                                                      
000299                                                                                                                                                                                                                                                                                                      
