3246idnamedepart0011500                                                                                                                                                                                                                                                                                     
000299                                                                                                                                                                                                                                                                                                      
000299                                                                                                                                                                                                                                                                                                      
000299                                                                                                                                                                                                                                                                                                      
000299                                                                                                                                                                                                                                                                                                      
000299                                                                                                                                                                                                                                                                                                      
000299                                                                                                                                                                                                                                                                                                      
000299                                                                                                                                                                                                                                                                                                      
000299                                                                                                                                                                                                                                                                                                      
000299                                                                                                                                                                                                                                                                                                      
000299                                                                                                                                                                                                                                                                                                      
000299                                                                                                                                                                                                                                                                                                      
000299                                                                                                                                                                                                                                                                                                      
000299                                                                                                                                                                                                                                                                                                      
000299                                                                                                                                                                                                                                                                                                      
000299                                                                                                                                                                                                                                                                                                      
000299                                                                                                                                                                                                                                                                                                      
000299                                                                                                                                                                                                                                                                                                      
000299                                                                                                                                                                                                                                                                                                      
000299                                                                                                                                                                                                                                                                                                      
000299                                                                                                                                                                                                                                                                                                      
000299                                                                                                                                                                                                                                                                                                      
000299                                                                                                                                                                                                                                                                                                      
000299                                                                                                                                                                                                                                                                                                      
000299                                                                                                                                                                                                                                                                                                      
000299                                                                                                                                                                                                                                                                                                      
000299                                                                                                                                                                                                                                                                                                      
000299                                                                                                                                                                                                                                                                                                      
000299                                                                                                                                                                                                                                                                                                      
000299                                                                                                                                                                                                                                                                                                      
000299                                                                                                                                                                                                                                                                                                      
000299                                                                                                                                                                                                                                                                                                      
000299                                                                                                                                                                                                                                                                                                      
000299                                                                                                                                                                                                                                                                                                      
000299                                                                                                                                                                                                                                                                                                      
000299                                                                                                                                                                                                                                                                                                      
000299                                                                                                                                                                                                                                                                                                      
000299                                                                                                                                                                                                                                                                                                      
000299                                                                                                                                                                                                                                                                                                      
000299                                                                                                                                                                                                                                                                                                      
000299                                                                                                                                                                                                                                                                                                      
000299                                                                                                                                                                                                                                                                                                      
000299                                                                                                                                                                                                                                                                                                      
000299                                                                                                                                                                                                                                                                                                      
000299                                                                                                                                                                                                                                                                                                      
000299                                                                                                                                                                                                                                                                                                      
000299                                                                                                                                                                                                                                                                                                      
000299                                                                                                                                                                                                                                                                                                      
000299                                                                                                                                                                                                                                                                                                      
000299                                                                                                                                                                                                                                                                                                      
000299                                                                                                                                                                                                                                                                                                      
000299                                                                                                                                                                                                                                                                                                      
000299                                                                                                                                                                                                                                                                                                      
000299                                                                                                                                                                                                                                                                                                      
000299                                                                                                                                                                                                                                                                                                      
000299                                                                                                                                                                                                                                                                                                      
000299                                                                                                                                                                                                                                                                                                      
000299                                                                                                                                                                                                                                                                                                      
000299                                                                                                                                                                                                                                                                                                      
000299                                                                                                                                                                                                                                                                                                      
000299                                                                                                                                                                                                                                                                                                      
000299                                                                                                                                                                                                                                                                                                      
000299                                                                                                                                                                                                                                                                                                      
000299                                                                                                                                                                                                                                                                                                      
000299                                                                                                                                                                                                                                                                                                      
000299                                                                                                                                                                                                                                                                                                      
000299                                                                                                                                                                                                                                                                                                      
000299                                                                                                                                                                                                                                                                                                      
000299                                                                                                                                                                                                                                                                                                      
000299                                                                                                                                                                                                                                                                                                      
000299                                                                                                                                                                                                                                                                                                      
000299                                                                                                                                                                                                                                                                                                      
000299                                                                                                                                                                                                                                                                                                      
000299                                                                                                                                                                                                                                                                                                      
000299                                                                                                                                                                                                                                                                                                      
000299                                                                                                                                                                                                                                                                                                      
000299                                                                                                                                                                                                                                                                                                      
000299                                                                                                                                                                                                                                                                                                      
000299                                                                                                                                                                                                                                                                                                      
000299                                                                                                                                                                                                                                                                                                      
000299                                                                                                                                                                                                                                                                                                      
000299                                                                                                                                                                                                                                                                                                      
000299                                                                                                                                                                                                                                                                                                      
000299                                                                                                                                                                                                                                                                                                      
000299                                                                                                                                                                                                                                                                                                      
000299                                                                                                                                                                                                                                                                                                      
000299                                                                                                                                                                                                                                                                                                      
000299                                                                                                                                                                                                                                                                                                      
000299                                                                                                                                                                                                                                                                                                      
000299                                                                                                                                                                                                                                                                                                      
000299                                                                                                                                                                                                                                                                                                      
000299                                                                                                                                                                                                                                                                                                      
000299                                                                                                                                                                                                                                                                                                      
000299                                                                                                                                                                                                                                                                                                      
000299                                                                                                                                                                                                                                                                                                      
000299                                                                                                                                                                                                                                                                                                      
000299                                                                                                                                                                                                                                                                                                      
000299                                                                                                                                                                                                                                                                                                      
000299                                                                                                                                                                                                                                                                                                      
000299                                                                                                                                                                                                                                                                                                      
000299                                                                                                                                                                                                                                                                                                      
