526644idgenderdepartyearprof00010151010                                                                                                                                                                                                                                                                     
003242019280019261019242                                                                                                                                                                                                                           00001M14241630CSLEE00002f14231630eelee00001M14241630cskim
000299                                                                                                                                                                                                                                                                                                      
000299                                                                                                                                                                                                                                                                                                      
000299                                                                                                                                                                                                                                                                                                      
000299                                                                                                                                                                                                                                                                                                      
000299                                                                                                                                                                                                                                                                                                      
000299                                                                                                                                                                                                                                                                                                      
000299                                                                                                                                                                                                                                                                                                      
000299                                                                                                                                                                                                                                                                                                      
000299                                                                                                                                                                                                                                                                                                      
000299                                                                                                                                                                                                                                                                                                      
000299                                                                                                                                                                                                                                                                                                      
000299                                                                                                                                                                                                                                                                                                      
000299                                                                                                                                                                                                                                                                                                      
000299                                                                                                                                                                                                                                                                                                      
000299                                                                                                                                                                                                                                                                                                      
000299                                                                                                                                                                                                                                                                                                      
000299                                                                                                                                                                                                                                                                                                      
000299                                                                                                                                                                                                                                                                                                      
000299                                                                                                                                                                                                                                                                                                      
000299                                                                                                                                                                                                                                                                                                      
000299                                                                                                                                                                                                                                                                                                      
000299                                                                                                                                                                                                                                                                                                      
000299                                                                                                                                                                                                                                                                                                      
000299                                                                                                                                                                                                                                                                                                      
000299                                                                                                                                                                                                                                                                                                      
000299                                                                                                                                                                                                                                                                                                      
000299                                                                                                                                                                                                                                                                                                      
000299                                                                                                                                                                                                                                                                                                      
000299                                                                                                                                                                                                                                                                                                      
000299                                                                                                                                                                                                                                                                                                      
000299                                                                                                                                                                                                                                                                                                      
000299                                                                                                                                                                                                                                                                                                      
000299                                                                                                                                                                                                                                                                                                      
000299                                                                                                                                                                                                                                                                                                      
000299                                                                                                                                                                                                                                                                                                      
000299                                                                                                                                                                                                                                                                                                      
000299                                                                                                                                                                                                                                                                                                      
000299                                                                                                                                                                                                                                                                                                      
000299                                                                                                                                                                                                                                                                                                      
000299                                                                                                                                                                                                                                                                                                      
000299                                                                                                                                                                                                                                                                                                      
000299                                                                                                                                                                                                                                                                                                      
000299                                                                                                                                                                                                                                                                                                      
000299                                                                                                                                                                                                                                                                                                      
000299                                                                                                                                                                                                                                                                                                      
000299                                                                                                                                                                                                                                                                                                      
000299                                                                                                                                                                                                                                                                                                      
000299                                                                                                                                                                                                                                                                                                      
000299                                                                                                                                                                                                                                                                                                      
000299                                                                                                                                                                                                                                                                                                      
000299                                                                                                                                                                                                                                                                                                      
000299                                                                                                                                                                                                                                                                                                      
000299                                                                                                                                                                                                                                                                                                      
000299                                                                                                                                                                                                                                                                                                      
000299                                                                                                                                                                                                                                                                                                      
000299                                                                                                                                                                                                                                                                                                      
000299                                                                                                                                                                                                                                                                                                      
000299                                                                                                                                                                                                                                                                                                      
000299                                                                                                                                                                                                                                                                                                      
000299                                                                                                                                                                                                                                                                                                      
000299                                                                                                                                                                                                                                                                                                      
000299                                                                                                                                                                                                                                                                                                      
000299                                                                                                                                                                                                                                                                                                      
000299                                                                                                                                                                                                                                                                                                      
000299                                                                                                                                                                                                                                                                                                      
000299                                                                                                                                                                                                                                                                                                      
000299                                                                                                                                                                                                                                                                                                      
000299                                                                                                                                                                                                                                                                                                      
000299                                                                                                                                                                                                                                                                                                      
000299                                                                                                                                                                                                                                                                                                      
000299                                                                                                                                                                                                                                                                                                      
000299                                                                                                                                                                                                                                                                                                      
000299                                                                                                                                                                                                                                                                                                      
000299                                                                                                                                                                                                                                                                                                      
000299                                                                                                                                                                                                                                                                                                      
000299                                                                                                                                                                                                                                                                                                      
000299                                                                                                                                                                                                                                                                                                      
000299                                                                                                                                                                                                                                                                                                      
000299                                                                                                                                                                                                                                                                                                      
000299                                                                                                                                                                                                                                                                                                      
000299                                                                                                                                                                                                                                                                                                      
000299                                                                                                                                                                                                                                                                                                      
000299                                                                                                                                                                                                                                                                                                      
000299                                                                                                                                                                                                                                                                                                      
000299                                                                                                                                                                                                                                                                                                      
000299                                                                                                                                                                                                                                                                                                      
000299                                                                                                                                                                                                                                                                                                      
000299                                                                                                                                                                                                                                                                                                      
000299                                                                                                                                                                                                                                                                                                      
000299                                                                                                                                                                                                                                                                                                      
000299                                                                                                                                                                                                                                                                                                      
000299                                                                                                                                                                                                                                                                                                      
000299                                                                                                                                                                                                                                                                                                      
000299                                                                                                                                                                                                                                                                                                      
000299                                                                                                                                                                                                                                                                                                      
000299                                                                                                                                                                                                                                                                                                      
000299                                                                                                                                                                                                                                                                                                      
000299                                                                                                                                                                                                                                                                                                      
000299                                                                                                                                                                                                                                                                                                      
